[[ 1.47863952e+00 -3.64642790e-01  1.20850193e-01 ... -4.30035273e-01
   1.63667368e+00  8.23389435e-01]
 [-1.20721752e+00  1.15293465e+00 -1.68538512e+00 ...  9.84388846e-01
  -8.39079094e-02  9.03544381e-01]
 [-2.39402146e-01  2.43656455e-01 -1.64891989e-03 ... -3.72037794e-01
   6.80160365e-01 -5.46942872e-01]
 ...
 [-6.49944108e-02 -2.72459013e-02 -4.99951344e-01 ... -4.32595365e-01
  -4.60464123e-01 -7.94662160e-02]
 [ 3.67718601e-01 -2.21213684e-01  7.16486479e-02 ...  2.69380981e-01
   1.89356277e+00 -8.20728572e-01]
 [ 1.94161548e-01 -2.54512234e-01  2.43450843e-01 ...  8.59658608e-02
  -1.05779447e+00  3.11520465e-01]]